Overlap integrals:
    1     1     1.0000000000E+00
    1     2     6.5895712027E-01
    1     3     4.6837401931E-01
    1     4     6.5895712027E-01
    1     5     0.0000000000E+00
    1     6     0.0000000000E+00
    1     7     0.0000000000E+00
    1     8     0.0000000000E+00
    2     1     6.5895712027E-01
    2     2     1.0000000000E+00
    2     3     6.5895712027E-01
    2     4     4.6837401931E-01
    2     5     0.0000000000E+00
    2     6     0.0000000000E+00
    2     7     0.0000000000E+00
    2     8     0.0000000000E+00
    3     1     4.6837401931E-01
    3     2     6.5895712027E-01
    3     3     1.0000000000E+00
    3     4     6.5895712027E-01
    3     5     0.0000000000E+00
    3     6     0.0000000000E+00
    3     7     0.0000000000E+00
    3     8     0.0000000000E+00
    4     1     6.5895712027E-01
    4     2     4.6837401931E-01
    4     3     6.5895712027E-01
    4     4     1.0000000000E+00
    4     5     0.0000000000E+00
    4     6     0.0000000000E+00
    4     7     0.0000000000E+00
    4     8     0.0000000000E+00
    5     1     0.0000000000E+00
    5     2     0.0000000000E+00
    5     3     0.0000000000E+00
    5     4     0.0000000000E+00
    5     5     1.0000000000E+00
    5     6     6.5895712027E-01
    5     7     4.6837401931E-01
    5     8     6.5895712027E-01
    6     1     0.0000000000E+00
    6     2     0.0000000000E+00
    6     3     0.0000000000E+00
    6     4     0.0000000000E+00
    6     5     6.5895712027E-01
    6     6     1.0000000000E+00
    6     7     6.5895712027E-01
    6     8     4.6837401931E-01
    7     1     0.0000000000E+00
    7     2     0.0000000000E+00
    7     3     0.0000000000E+00
    7     4     0.0000000000E+00
    7     5     4.6837401931E-01
    7     6     6.5895712027E-01
    7     7     1.0000000000E+00
    7     8     6.5895712027E-01
    8     1     0.0000000000E+00
    8     2     0.0000000000E+00
    8     3     0.0000000000E+00
    8     4     0.0000000000E+00
    8     5     6.5895712027E-01
    8     6     4.6837401931E-01
    8     7     6.5895712027E-01
    8     8     1.0000000000E+00
