Overlap integrals:
    1     1     1.0000000000E+00
    1     2     6.5895712027E-01
    1     3     0.0000000000E+00
    1     4     0.0000000000E+00
    2     1     6.5895712027E-01
    2     2     1.0000000000E+00
    2     3     0.0000000000E+00
    2     4     0.0000000000E+00
    3     1     0.0000000000E+00
    3     2     0.0000000000E+00
    3     3     1.0000000000E+00
    3     4     6.5895712027E-01
    4     1     0.0000000000E+00
    4     2     0.0000000000E+00
    4     3     6.5895712027E-01
    4     4     1.0000000000E+00
