Transformed One-electron integrals:
    1     1    -1.7292894129E+00
    1     2    -4.2529207502E-01
    1     3     5.2062304703E-02
    1     4    -4.2529207502E-01
    1     5     0.0000000000E+00
    1     6     0.0000000000E+00
    1     7     0.0000000000E+00
    1     8     0.0000000000E+00
    2     1    -4.2529207502E-01
    2     2    -1.7292894129E+00
    2     3    -4.2529207502E-01
    2     4     5.2062304703E-02
    2     5     0.0000000000E+00
    2     6     0.0000000000E+00
    2     7     0.0000000000E+00
    2     8     0.0000000000E+00
    3     1     5.2062304703E-02
    3     2    -4.2529207502E-01
    3     3    -1.7292894129E+00
    3     4    -4.2529207502E-01
    3     5     0.0000000000E+00
    3     6     0.0000000000E+00
    3     7     0.0000000000E+00
    3     8     0.0000000000E+00
    4     1    -4.2529207502E-01
    4     2     5.2062304703E-02
    4     3    -4.2529207502E-01
    4     4    -1.7292894129E+00
    4     5     0.0000000000E+00
    4     6     0.0000000000E+00
    4     7     0.0000000000E+00
    4     8     0.0000000000E+00
    5     1     0.0000000000E+00
    5     2     0.0000000000E+00
    5     3     0.0000000000E+00
    5     4     0.0000000000E+00
    5     5    -1.7292894129E+00
    5     6    -4.2529207502E-01
    5     7     5.2062304703E-02
    5     8    -4.2529207502E-01
    6     1     0.0000000000E+00
    6     2     0.0000000000E+00
    6     3     0.0000000000E+00
    6     4     0.0000000000E+00
    6     5    -4.2529207502E-01
    6     6    -1.7292894129E+00
    6     7    -4.2529207502E-01
    6     8     5.2062304703E-02
    7     1     0.0000000000E+00
    7     2     0.0000000000E+00
    7     3     0.0000000000E+00
    7     4     0.0000000000E+00
    7     5     5.2062304703E-02
    7     6    -4.2529207502E-01
    7     7    -1.7292894129E+00
    7     8    -4.2529207502E-01
    8     1     0.0000000000E+00
    8     2     0.0000000000E+00
    8     3     0.0000000000E+00
    8     4     0.0000000000E+00
    8     5    -4.2529207502E-01
    8     6     5.2062304703E-02
    8     7    -4.2529207502E-01
    8     8    -1.7292894129E+00
