Transformed Two-electron integrals:
    1     1     1     1     9.9513001615E-01
    1     1     1     2     2.0542030543E-01
    1     1     1     3     0.0000000000E+00
    1     1     1     4     0.0000000000E+00
    1     1     2     1     2.0542030543E-01
    1     1     2     2     1.5037311152E-01
    1     1     2     3     0.0000000000E+00
    1     1     2     4     0.0000000000E+00
    1     1     3     1     0.0000000000E+00
    1     1     3     2     0.0000000000E+00
    1     1     3     3     0.0000000000E+00
    1     1     3     4     0.0000000000E+00
    1     1     4     1     0.0000000000E+00
    1     1     4     2     0.0000000000E+00
    1     1     4     3     0.0000000000E+00
    1     1     4     4     0.0000000000E+00
    1     2     1     1    -2.1687280594E-01
    1     2     1     2     3.5427934714E-01
    1     2     1     3     0.0000000000E+00
    1     2     1     4     0.0000000000E+00
    1     2     2     1    -1.2789994106E-01
    1     2     2     2    -2.1687280594E-01
    1     2     2     3     0.0000000000E+00
    1     2     2     4     0.0000000000E+00
    1     2     3     1     0.0000000000E+00
    1     2     3     2     0.0000000000E+00
    1     2     3     3     0.0000000000E+00
    1     2     3     4     0.0000000000E+00
    1     2     4     1     0.0000000000E+00
    1     2     4     2     0.0000000000E+00
    1     2     4     3     0.0000000000E+00
    1     2     4     4     0.0000000000E+00
    1     3     1     1     0.0000000000E+00
    1     3     1     2     0.0000000000E+00
    1     3     1     3     9.9513001615E-01
    1     3     1     4     2.0542030543E-01
    1     3     2     1     0.0000000000E+00
    1     3     2     2     0.0000000000E+00
    1     3     2     3     2.0542030543E-01
    1     3     2     4     1.5037311152E-01
    1     3     3     1     0.0000000000E+00
    1     3     3     2     0.0000000000E+00
    1     3     3     3     0.0000000000E+00
    1     3     3     4     0.0000000000E+00
    1     3     4     1     0.0000000000E+00
    1     3     4     2     0.0000000000E+00
    1     3     4     3     0.0000000000E+00
    1     3     4     4     0.0000000000E+00
    1     4     1     1     0.0000000000E+00
    1     4     1     2     0.0000000000E+00
    1     4     1     3    -2.1687280594E-01
    1     4     1     4     3.5427934714E-01
    1     4     2     1     0.0000000000E+00
    1     4     2     2     0.0000000000E+00
    1     4     2     3    -1.2789994106E-01
    1     4     2     4    -2.1687280594E-01
    1     4     3     1     0.0000000000E+00
    1     4     3     2     0.0000000000E+00
    1     4     3     3     0.0000000000E+00
    1     4     3     4     0.0000000000E+00
    1     4     4     1     0.0000000000E+00
    1     4     4     2     0.0000000000E+00
    1     4     4     3     0.0000000000E+00
    1     4     4     4     0.0000000000E+00
    2     1     1     1    -2.1687280594E-01
    2     1     1     2    -1.2789994106E-01
    2     1     1     3     0.0000000000E+00
    2     1     1     4     0.0000000000E+00
    2     1     2     1     3.5427934714E-01
    2     1     2     2    -2.1687280594E-01
    2     1     2     3     0.0000000000E+00
    2     1     2     4     0.0000000000E+00
    2     1     3     1     0.0000000000E+00
    2     1     3     2     0.0000000000E+00
    2     1     3     3     0.0000000000E+00
    2     1     3     4     0.0000000000E+00
    2     1     4     1     0.0000000000E+00
    2     1     4     2     0.0000000000E+00
    2     1     4     3     0.0000000000E+00
    2     1     4     4     0.0000000000E+00
    2     2     1     1     1.5037311152E-01
    2     2     1     2     2.0542030543E-01
    2     2     1     3     0.0000000000E+00
    2     2     1     4     0.0000000000E+00
    2     2     2     1     2.0542030543E-01
    2     2     2     2     9.9513001615E-01
    2     2     2     3     0.0000000000E+00
    2     2     2     4     0.0000000000E+00
    2     2     3     1     0.0000000000E+00
    2     2     3     2     0.0000000000E+00
    2     2     3     3     0.0000000000E+00
    2     2     3     4     0.0000000000E+00
    2     2     4     1     0.0000000000E+00
    2     2     4     2     0.0000000000E+00
    2     2     4     3     0.0000000000E+00
    2     2     4     4     0.0000000000E+00
    2     3     1     1     0.0000000000E+00
    2     3     1     2     0.0000000000E+00
    2     3     1     3    -2.1687280594E-01
    2     3     1     4    -1.2789994106E-01
    2     3     2     1     0.0000000000E+00
    2     3     2     2     0.0000000000E+00
    2     3     2     3     3.5427934714E-01
    2     3     2     4    -2.1687280594E-01
    2     3     3     1     0.0000000000E+00
    2     3     3     2     0.0000000000E+00
    2     3     3     3     0.0000000000E+00
    2     3     3     4     0.0000000000E+00
    2     3     4     1     0.0000000000E+00
    2     3     4     2     0.0000000000E+00
    2     3     4     3     0.0000000000E+00
    2     3     4     4     0.0000000000E+00
    2     4     1     1     0.0000000000E+00
    2     4     1     2     0.0000000000E+00
    2     4     1     3     1.5037311152E-01
    2     4     1     4     2.0542030543E-01
    2     4     2     1     0.0000000000E+00
    2     4     2     2     0.0000000000E+00
    2     4     2     3     2.0542030543E-01
    2     4     2     4     9.9513001615E-01
    2     4     3     1     0.0000000000E+00
    2     4     3     2     0.0000000000E+00
    2     4     3     3     0.0000000000E+00
    2     4     3     4     0.0000000000E+00
    2     4     4     1     0.0000000000E+00
    2     4     4     2     0.0000000000E+00
    2     4     4     3     0.0000000000E+00
    2     4     4     4     0.0000000000E+00
    3     1     1     1     0.0000000000E+00
    3     1     1     2     0.0000000000E+00
    3     1     1     3     0.0000000000E+00
    3     1     1     4     0.0000000000E+00
    3     1     2     1     0.0000000000E+00
    3     1     2     2     0.0000000000E+00
    3     1     2     3     0.0000000000E+00
    3     1     2     4     0.0000000000E+00
    3     1     3     1     9.9513001615E-01
    3     1     3     2     2.0542030543E-01
    3     1     3     3     0.0000000000E+00
    3     1     3     4     0.0000000000E+00
    3     1     4     1     2.0542030543E-01
    3     1     4     2     1.5037311152E-01
    3     1     4     3     0.0000000000E+00
    3     1     4     4     0.0000000000E+00
    3     2     1     1     0.0000000000E+00
    3     2     1     2     0.0000000000E+00
    3     2     1     3     0.0000000000E+00
    3     2     1     4     0.0000000000E+00
    3     2     2     1     0.0000000000E+00
    3     2     2     2     0.0000000000E+00
    3     2     2     3     0.0000000000E+00
    3     2     2     4     0.0000000000E+00
    3     2     3     1    -2.1687280594E-01
    3     2     3     2     3.5427934714E-01
    3     2     3     3     0.0000000000E+00
    3     2     3     4     0.0000000000E+00
    3     2     4     1    -1.2789994106E-01
    3     2     4     2    -2.1687280594E-01
    3     2     4     3     0.0000000000E+00
    3     2     4     4     0.0000000000E+00
    3     3     1     1     0.0000000000E+00
    3     3     1     2     0.0000000000E+00
    3     3     1     3     0.0000000000E+00
    3     3     1     4     0.0000000000E+00
    3     3     2     1     0.0000000000E+00
    3     3     2     2     0.0000000000E+00
    3     3     2     3     0.0000000000E+00
    3     3     2     4     0.0000000000E+00
    3     3     3     1     0.0000000000E+00
    3     3     3     2     0.0000000000E+00
    3     3     3     3     9.9513001615E-01
    3     3     3     4     2.0542030543E-01
    3     3     4     1     0.0000000000E+00
    3     3     4     2     0.0000000000E+00
    3     3     4     3     2.0542030543E-01
    3     3     4     4     1.5037311152E-01
    3     4     1     1     0.0000000000E+00
    3     4     1     2     0.0000000000E+00
    3     4     1     3     0.0000000000E+00
    3     4     1     4     0.0000000000E+00
    3     4     2     1     0.0000000000E+00
    3     4     2     2     0.0000000000E+00
    3     4     2     3     0.0000000000E+00
    3     4     2     4     0.0000000000E+00
    3     4     3     1     0.0000000000E+00
    3     4     3     2     0.0000000000E+00
    3     4     3     3    -2.1687280594E-01
    3     4     3     4     3.5427934714E-01
    3     4     4     1     0.0000000000E+00
    3     4     4     2     0.0000000000E+00
    3     4     4     3    -1.2789994106E-01
    3     4     4     4    -2.1687280594E-01
    4     1     1     1     0.0000000000E+00
    4     1     1     2     0.0000000000E+00
    4     1     1     3     0.0000000000E+00
    4     1     1     4     0.0000000000E+00
    4     1     2     1     0.0000000000E+00
    4     1     2     2     0.0000000000E+00
    4     1     2     3     0.0000000000E+00
    4     1     2     4     0.0000000000E+00
    4     1     3     1    -2.1687280594E-01
    4     1     3     2    -1.2789994106E-01
    4     1     3     3     0.0000000000E+00
    4     1     3     4     0.0000000000E+00
    4     1     4     1     3.5427934714E-01
    4     1     4     2    -2.1687280594E-01
    4     1     4     3     0.0000000000E+00
    4     1     4     4     0.0000000000E+00
    4     2     1     1     0.0000000000E+00
    4     2     1     2     0.0000000000E+00
    4     2     1     3     0.0000000000E+00
    4     2     1     4     0.0000000000E+00
    4     2     2     1     0.0000000000E+00
    4     2     2     2     0.0000000000E+00
    4     2     2     3     0.0000000000E+00
    4     2     2     4     0.0000000000E+00
    4     2     3     1     1.5037311152E-01
    4     2     3     2     2.0542030543E-01
    4     2     3     3     0.0000000000E+00
    4     2     3     4     0.0000000000E+00
    4     2     4     1     2.0542030543E-01
    4     2     4     2     9.9513001615E-01
    4     2     4     3     0.0000000000E+00
    4     2     4     4     0.0000000000E+00
    4     3     1     1     0.0000000000E+00
    4     3     1     2     0.0000000000E+00
    4     3     1     3     0.0000000000E+00
    4     3     1     4     0.0000000000E+00
    4     3     2     1     0.0000000000E+00
    4     3     2     2     0.0000000000E+00
    4     3     2     3     0.0000000000E+00
    4     3     2     4     0.0000000000E+00
    4     3     3     1     0.0000000000E+00
    4     3     3     2     0.0000000000E+00
    4     3     3     3    -2.1687280594E-01
    4     3     3     4    -1.2789994106E-01
    4     3     4     1     0.0000000000E+00
    4     3     4     2     0.0000000000E+00
    4     3     4     3     3.5427934714E-01
    4     3     4     4    -2.1687280594E-01
    4     4     1     1     0.0000000000E+00
    4     4     1     2     0.0000000000E+00
    4     4     1     3     0.0000000000E+00
    4     4     1     4     0.0000000000E+00
    4     4     2     1     0.0000000000E+00
    4     4     2     2     0.0000000000E+00
    4     4     2     3     0.0000000000E+00
    4     4     2     4     0.0000000000E+00
    4     4     3     1     0.0000000000E+00
    4     4     3     2     0.0000000000E+00
    4     4     3     3     1.5037311152E-01
    4     4     3     4     2.0542030543E-01
    4     4     4     1     0.0000000000E+00
    4     4     4     2     0.0000000000E+00
    4     4     4     3     2.0542030543E-01
    4     4     4     4     9.9513001615E-01
