Transformed One-electron integrals:
    1     1    -8.6420614432E-01
    1     2    -3.8825742922E-01
    1     3     0.0000000000E+00
    1     4     0.0000000000E+00
    2     1    -3.8825742922E-01
    2     2    -8.6420614432E-01
    2     3     0.0000000000E+00
    2     4     0.0000000000E+00
    3     1     0.0000000000E+00
    3     2     0.0000000000E+00
    3     3    -8.6420614432E-01
    3     4    -3.8825742922E-01
    4     1     0.0000000000E+00
    4     2     0.0000000000E+00
    4     3    -3.8825742922E-01
    4     4    -8.6420614432E-01
