Two-electron integrals:
    1     1     1     1     7.7460594392E-01
    1     1     1     2     4.4379315356E-01
    1     1     1     3     0.0000000000E+00
    1     1     1     4     0.0000000000E+00
    1     1     2     1     4.4379315356E-01
    1     1     2     2     2.9666317230E-01
    1     1     2     3     0.0000000000E+00
    1     1     2     4     0.0000000000E+00
    1     1     3     1     0.0000000000E+00
    1     1     3     2     0.0000000000E+00
    1     1     3     3     0.0000000000E+00
    1     1     3     4     0.0000000000E+00
    1     1     4     1     0.0000000000E+00
    1     1     4     2     0.0000000000E+00
    1     1     4     3     0.0000000000E+00
    1     1     4     4     0.0000000000E+00
    1     2     1     1     4.4379315356E-01
    1     2     1     2     5.6946840675E-01
    1     2     1     3     0.0000000000E+00
    1     2     1     4     0.0000000000E+00
    1     2     2     1     2.9666317230E-01
    1     2     2     2     4.4379315356E-01
    1     2     2     3     0.0000000000E+00
    1     2     2     4     0.0000000000E+00
    1     2     3     1     0.0000000000E+00
    1     2     3     2     0.0000000000E+00
    1     2     3     3     0.0000000000E+00
    1     2     3     4     0.0000000000E+00
    1     2     4     1     0.0000000000E+00
    1     2     4     2     0.0000000000E+00
    1     2     4     3     0.0000000000E+00
    1     2     4     4     0.0000000000E+00
    1     3     1     1     0.0000000000E+00
    1     3     1     2     0.0000000000E+00
    1     3     1     3     7.7460594392E-01
    1     3     1     4     4.4379315356E-01
    1     3     2     1     0.0000000000E+00
    1     3     2     2     0.0000000000E+00
    1     3     2     3     4.4379315356E-01
    1     3     2     4     2.9666317230E-01
    1     3     3     1     0.0000000000E+00
    1     3     3     2     0.0000000000E+00
    1     3     3     3     0.0000000000E+00
    1     3     3     4     0.0000000000E+00
    1     3     4     1     0.0000000000E+00
    1     3     4     2     0.0000000000E+00
    1     3     4     3     0.0000000000E+00
    1     3     4     4     0.0000000000E+00
    1     4     1     1     0.0000000000E+00
    1     4     1     2     0.0000000000E+00
    1     4     1     3     4.4379315356E-01
    1     4     1     4     5.6946840675E-01
    1     4     2     1     0.0000000000E+00
    1     4     2     2     0.0000000000E+00
    1     4     2     3     2.9666317230E-01
    1     4     2     4     4.4379315356E-01
    1     4     3     1     0.0000000000E+00
    1     4     3     2     0.0000000000E+00
    1     4     3     3     0.0000000000E+00
    1     4     3     4     0.0000000000E+00
    1     4     4     1     0.0000000000E+00
    1     4     4     2     0.0000000000E+00
    1     4     4     3     0.0000000000E+00
    1     4     4     4     0.0000000000E+00
    2     1     1     1     4.4379315356E-01
    2     1     1     2     2.9666317230E-01
    2     1     1     3     0.0000000000E+00
    2     1     1     4     0.0000000000E+00
    2     1     2     1     5.6946840675E-01
    2     1     2     2     4.4379315356E-01
    2     1     2     3     0.0000000000E+00
    2     1     2     4     0.0000000000E+00
    2     1     3     1     0.0000000000E+00
    2     1     3     2     0.0000000000E+00
    2     1     3     3     0.0000000000E+00
    2     1     3     4     0.0000000000E+00
    2     1     4     1     0.0000000000E+00
    2     1     4     2     0.0000000000E+00
    2     1     4     3     0.0000000000E+00
    2     1     4     4     0.0000000000E+00
    2     2     1     1     2.9666317230E-01
    2     2     1     2     4.4379315356E-01
    2     2     1     3     0.0000000000E+00
    2     2     1     4     0.0000000000E+00
    2     2     2     1     4.4379315356E-01
    2     2     2     2     7.7460594392E-01
    2     2     2     3     0.0000000000E+00
    2     2     2     4     0.0000000000E+00
    2     2     3     1     0.0000000000E+00
    2     2     3     2     0.0000000000E+00
    2     2     3     3     0.0000000000E+00
    2     2     3     4     0.0000000000E+00
    2     2     4     1     0.0000000000E+00
    2     2     4     2     0.0000000000E+00
    2     2     4     3     0.0000000000E+00
    2     2     4     4     0.0000000000E+00
    2     3     1     1     0.0000000000E+00
    2     3     1     2     0.0000000000E+00
    2     3     1     3     4.4379315356E-01
    2     3     1     4     2.9666317230E-01
    2     3     2     1     0.0000000000E+00
    2     3     2     2     0.0000000000E+00
    2     3     2     3     5.6946840675E-01
    2     3     2     4     4.4379315356E-01
    2     3     3     1     0.0000000000E+00
    2     3     3     2     0.0000000000E+00
    2     3     3     3     0.0000000000E+00
    2     3     3     4     0.0000000000E+00
    2     3     4     1     0.0000000000E+00
    2     3     4     2     0.0000000000E+00
    2     3     4     3     0.0000000000E+00
    2     3     4     4     0.0000000000E+00
    2     4     1     1     0.0000000000E+00
    2     4     1     2     0.0000000000E+00
    2     4     1     3     2.9666317230E-01
    2     4     1     4     4.4379315356E-01
    2     4     2     1     0.0000000000E+00
    2     4     2     2     0.0000000000E+00
    2     4     2     3     4.4379315356E-01
    2     4     2     4     7.7460594392E-01
    2     4     3     1     0.0000000000E+00
    2     4     3     2     0.0000000000E+00
    2     4     3     3     0.0000000000E+00
    2     4     3     4     0.0000000000E+00
    2     4     4     1     0.0000000000E+00
    2     4     4     2     0.0000000000E+00
    2     4     4     3     0.0000000000E+00
    2     4     4     4     0.0000000000E+00
    3     1     1     1     0.0000000000E+00
    3     1     1     2     0.0000000000E+00
    3     1     1     3     0.0000000000E+00
    3     1     1     4     0.0000000000E+00
    3     1     2     1     0.0000000000E+00
    3     1     2     2     0.0000000000E+00
    3     1     2     3     0.0000000000E+00
    3     1     2     4     0.0000000000E+00
    3     1     3     1     7.7460594392E-01
    3     1     3     2     4.4379315356E-01
    3     1     3     3     0.0000000000E+00
    3     1     3     4     0.0000000000E+00
    3     1     4     1     4.4379315356E-01
    3     1     4     2     2.9666317230E-01
    3     1     4     3     0.0000000000E+00
    3     1     4     4     0.0000000000E+00
    3     2     1     1     0.0000000000E+00
    3     2     1     2     0.0000000000E+00
    3     2     1     3     0.0000000000E+00
    3     2     1     4     0.0000000000E+00
    3     2     2     1     0.0000000000E+00
    3     2     2     2     0.0000000000E+00
    3     2     2     3     0.0000000000E+00
    3     2     2     4     0.0000000000E+00
    3     2     3     1     4.4379315356E-01
    3     2     3     2     5.6946840675E-01
    3     2     3     3     0.0000000000E+00
    3     2     3     4     0.0000000000E+00
    3     2     4     1     2.9666317230E-01
    3     2     4     2     4.4379315356E-01
    3     2     4     3     0.0000000000E+00
    3     2     4     4     0.0000000000E+00
    3     3     1     1     0.0000000000E+00
    3     3     1     2     0.0000000000E+00
    3     3     1     3     0.0000000000E+00
    3     3     1     4     0.0000000000E+00
    3     3     2     1     0.0000000000E+00
    3     3     2     2     0.0000000000E+00
    3     3     2     3     0.0000000000E+00
    3     3     2     4     0.0000000000E+00
    3     3     3     1     0.0000000000E+00
    3     3     3     2     0.0000000000E+00
    3     3     3     3     7.7460594392E-01
    3     3     3     4     4.4379315356E-01
    3     3     4     1     0.0000000000E+00
    3     3     4     2     0.0000000000E+00
    3     3     4     3     4.4379315356E-01
    3     3     4     4     2.9666317230E-01
    3     4     1     1     0.0000000000E+00
    3     4     1     2     0.0000000000E+00
    3     4     1     3     0.0000000000E+00
    3     4     1     4     0.0000000000E+00
    3     4     2     1     0.0000000000E+00
    3     4     2     2     0.0000000000E+00
    3     4     2     3     0.0000000000E+00
    3     4     2     4     0.0000000000E+00
    3     4     3     1     0.0000000000E+00
    3     4     3     2     0.0000000000E+00
    3     4     3     3     4.4379315356E-01
    3     4     3     4     5.6946840675E-01
    3     4     4     1     0.0000000000E+00
    3     4     4     2     0.0000000000E+00
    3     4     4     3     2.9666317230E-01
    3     4     4     4     4.4379315356E-01
    4     1     1     1     0.0000000000E+00
    4     1     1     2     0.0000000000E+00
    4     1     1     3     0.0000000000E+00
    4     1     1     4     0.0000000000E+00
    4     1     2     1     0.0000000000E+00
    4     1     2     2     0.0000000000E+00
    4     1     2     3     0.0000000000E+00
    4     1     2     4     0.0000000000E+00
    4     1     3     1     4.4379315356E-01
    4     1     3     2     2.9666317230E-01
    4     1     3     3     0.0000000000E+00
    4     1     3     4     0.0000000000E+00
    4     1     4     1     5.6946840675E-01
    4     1     4     2     4.4379315356E-01
    4     1     4     3     0.0000000000E+00
    4     1     4     4     0.0000000000E+00
    4     2     1     1     0.0000000000E+00
    4     2     1     2     0.0000000000E+00
    4     2     1     3     0.0000000000E+00
    4     2     1     4     0.0000000000E+00
    4     2     2     1     0.0000000000E+00
    4     2     2     2     0.0000000000E+00
    4     2     2     3     0.0000000000E+00
    4     2     2     4     0.0000000000E+00
    4     2     3     1     2.9666317230E-01
    4     2     3     2     4.4379315356E-01
    4     2     3     3     0.0000000000E+00
    4     2     3     4     0.0000000000E+00
    4     2     4     1     4.4379315356E-01
    4     2     4     2     7.7460594392E-01
    4     2     4     3     0.0000000000E+00
    4     2     4     4     0.0000000000E+00
    4     3     1     1     0.0000000000E+00
    4     3     1     2     0.0000000000E+00
    4     3     1     3     0.0000000000E+00
    4     3     1     4     0.0000000000E+00
    4     3     2     1     0.0000000000E+00
    4     3     2     2     0.0000000000E+00
    4     3     2     3     0.0000000000E+00
    4     3     2     4     0.0000000000E+00
    4     3     3     1     0.0000000000E+00
    4     3     3     2     0.0000000000E+00
    4     3     3     3     4.4379315356E-01
    4     3     3     4     2.9666317230E-01
    4     3     4     1     0.0000000000E+00
    4     3     4     2     0.0000000000E+00
    4     3     4     3     5.6946840675E-01
    4     3     4     4     4.4379315356E-01
    4     4     1     1     0.0000000000E+00
    4     4     1     2     0.0000000000E+00
    4     4     1     3     0.0000000000E+00
    4     4     1     4     0.0000000000E+00
    4     4     2     1     0.0000000000E+00
    4     4     2     2     0.0000000000E+00
    4     4     2     3     0.0000000000E+00
    4     4     2     4     0.0000000000E+00
    4     4     3     1     0.0000000000E+00
    4     4     3     2     0.0000000000E+00
    4     4     3     3     2.9666317230E-01
    4     4     3     4     4.4379315356E-01
    4     4     4     1     0.0000000000E+00
    4     4     4     2     0.0000000000E+00
    4     4     4     3     4.4379315356E-01
    4     4     4     4     7.7460594392E-01
